        freq 1.42773 1.46647 1.50522 1.54397 1.58271 1.62146 1.66021 1.69896 1.7377 1.77645 1.8152 1.85394
1.62146 0.01   -0.03   -0.02   -0.02   -0.01   -0.02    0.00      NA      NA     NA      NA     NA      NA
1.66021 0.06   -0.02   -0.02   -0.02   -0.02   -0.02   -0.02    0.00      NA     NA      NA     NA      NA
1.69896 0.11   -0.03   -0.03   -0.03   -0.03   -0.03   -0.03   -0.03    0.00     NA      NA     NA      NA
1.7377  0.16   -0.03   -0.03   -0.03   -0.03   -0.03   -0.03   -0.03   -0.03   0.00      NA     NA      NA
1.77645 0.19   -0.04   -0.03   -0.03   -0.03   -0.03   -0.03   -0.03   -0.03  -0.03    0.00     NA      NA
1.8152  0.18   -0.04   -0.04   -0.04   -0.03   -0.03   -0.03   -0.03   -0.03  -0.04   -0.04   0.00      NA
1.85394 0.11   -0.04   -0.04   -0.04   -0.04   -0.03   -0.03   -0.03   -0.04  -0.03   -0.04  -0.04    0.00
1.89269 0.09   -0.04   -0.04   -0.04   -0.03   -0.03   -0.03   -0.03   -0.03  -0.03   -0.03  -0.04   -0.04
1.93144 0.05   -0.04   -0.04   -0.04   -0.04   -0.03   -0.03   -0.03   -0.03  -0.03   -0.03  -0.03   -0.04
1.97018 0.03   -0.04   -0.04   -0.03   -0.03   -0.03   -0.03   -0.03   -0.03  -0.03   -0.03  -0.03   -0.03
        1.89269 1.93144 1.97018
1.62146      NA      NA      NA
1.66021      NA      NA      NA
1.69896      NA      NA      NA
1.7377       NA      NA      NA
1.77645      NA      NA      NA
1.8152       NA      NA      NA
1.85394      NA      NA      NA
1.89269    0.00      NA      NA
1.93144   -0.04    0.00      NA
1.97018   -0.03   -0.04       0
